31/05/2017 - 1682,12,13,25,31,42,16
27/05/2017 - 1681,8,12,20,36,40,1
24/05/2017 - 1680,7,22,29,32,41,14
20/05/2017 - 1679,1,11,28,31,41,9
17/05/2017 - 1678,15,21,26,28,36,3
13/05/2017 - 1677,11,19,27,28,37,8
10/05/2017 - 1676,12,19,22,35,38,1
06/05/2017 - 1675,1,20,36,39,43,10
03/05/2017 - 1674,5,6,7,12,37,6
28/06/2017 - 1690,18,22,32,37,39,2
24/06/2017 - 1689,3,4,9,20,32,11
21/06/2017 - 1688,4,6,14,17,29,5
17/06/2017 - 1687,9,20,24,31,33,16
14/06/2017 - 1686,2,9,12,34,40,7
10/06/2017 - 1685,13,20,26,29,40,7
07/06/2017 - 1684,3,20,33,34,40,14
03/06/2017 - 1683,3,26,33,34,38,16
29/07/2017 - 1699,3,13,14,17,23,2
26/07/2017 - 1698,1,27,31,34,36,11
22/07/2017 - 1697,6,9,15,37,42,16
19/07/2017 - 1696,14,15,20,25,40,12
15/07/2017 - 1695,7,23,24,34,39,4
12/07/2017 - 1694,7,23,30,33,36,4
08/07/2017 - 1693,1,7,12,19,21,8
05/07/2017 - 1692,20,22,25,37,43,8
01/07/2017 - 1691,10,16,18,35,40,6
30/08/2017 - 1708,4,24,28,36,39,5
26/08/2017 - 1707,1,6,12,18,36,9
23/08/2017 - 1706,13,15,18,26,43,3
19/08/2017 - 1705,1,5,6,13,26,6
16/08/2017 - 1704,6,14,32,34,42,10
12/08/2017 - 1703,15,16,18,19,37,11
09/08/2017 - 1702,4,5,9,13,40,15
05/08/2017 - 1701,14,25,28,37,41,13
02/08/2017 - 1700,1,22,31,32,37,16
30/09/2017 - 1717,3,10,13,21,38,10
27/09/2017 - 1716,1,10,28,35,41,4
23/09/2017 - 1715,4,15,22,23,38,11
20/09/2017 - 1714,10,16,19,23,34,11
16/09/2017 - 1713,10,17,24,37,42,6
13/09/2017 - 1712,7,11,23,41,43,11
09/09/2017 - 1711,1,2,20,31,43,8
06/09/2017 - 1710,8,16,19,35,41,13
02/09/2017 - 1709,1,4,13,23,33,9
28/10/2017 - 1725,13,20,28,35,40,3
25/10/2017 - 1724,11,21,31,32,39,1
21/10/2017 - 1723,2,4,9,15,24,11
18/10/2017 - 1722,17,26,27,28,40,7
14/10/2017 - 1721,18,27,38,40,41,16
11/10/2017 - 1720,2,10,21,23,35,9
07/10/2017 - 1719,19,22,29,38,39,2
04/10/2017 - 1718,24,31,32,33,34,6
29/11/2017 - 1734,2,5,7,9,28,13
25/11/2017 - 1733,15,21,25,26,31,4
22/11/2017 - 1732,9,12,18,37,41,13
18/11/2017 - 1731,8,12,22,29,39,11
15/11/2017 - 1730,11,18,23,32,40,2
11/11/2017 - 1729,1,18,22,30,39,1
08/11/2017 - 1728,2,4,10,17,37,6
04/11/2017 - 1727,15,20,25,29,43,10
01/11/2017 - 1726,22,24,28,34,42,8
30/12/2017 - 1743,14,30,35,37,40,14
27/12/2017 - 1742,2,13,14,26,42,8
23/12/2017 - 1741,6,8,13,29,31,13
20/12/2017 - 1740,8,14,20,22,42,7
16/12/2017 - 1739,17,23,25,29,31,6
13/12/2017 - 1738,11,23,33,36,42,4
09/12/2017 - 1737,11,15,23,24,25,7
06/12/2017 - 1736,3,23,28,29,32,2
02/12/2017 - 1735,2,14,21,27,28,1
13/01/2018 - 1747,7,10,24,31,43,5
10/01/2018 - 1746,1,5,9,29,42,8
06/01/2018 - 1745,1,2,4,5,13,10
03/01/2018 - 1744,1,2,33,34,41,10
