1734    29/11/17        
2
5
7
9
28
13
2
8
11
29
32
10
1733    25/11/17        
15
21
25
26
31
4
1
10
14
34
42
15
1732    22/11/17        
9
12
18
37
41
13
10
11
30
36
43
11
1731    18/11/17        
8
12
22
29
39
11
3
6
7
28
40
7
1730    15/11/17        
11
18
23
32
40
2
7
16
24
35
43
10
1729    11/11/17        
1
18
22
30
39
1
9
13
14
17
34
8
1728    08/11/17        
2
4
10
17
37
6
7
8
10
42
43
2
1727    04/11/17        
15
20
25
29
43
10
10
19
20
21
24
10
1726    01/11/17        
22
24
28
34
42
8
8
20
22
37
43
3

