03,  28,  45,  48,  50   Mega Ball:  24 
   
     g08/      17,  19,  37,  47,  48,  14 
      
        g05/      02,  07,  16,  28,  36,  47 
 
   g01/      05,  10,  22,  23,  43,  37 
    
      Mega Millions   October   
        g29/      09,  10,  14,  41,  49,  35 
 
   g25/      08,  15,  34,  39,  47,  04 
    
      g22/      16,  20,  26,  36,  48,  32 
       
         g18/      10,  31,  40,  48,  51,  38 
  
    g15/      06,  20,  27,  34,  51,  22 
     
       g11/      09,  11,  17,  26,  41,  29 
        
  g08/      18,  34,  43,  47,  50,  25 
   
     g04/      10,  42,  43,  45,  51,  01 
      
        g01/      07,  21,  30,  32,  37,  15 
 
   Mega Millions   September   
     g27/      23,  27,  30,  33,  36,  05 
      
        g24/      08,  32,  34,  42,  50,  21 
 
   g20/      01,  02,  04,  05,  46,  08 
    
      g17/      07,  10,  19,  26,  44,  05 
       
         g13/      24,  32,  37,  40,  51,  12 
  
    g10/      04,  06,  10,  21,  25,  21 
     
       g06/      31,  39,  42,  49,  51,  35 
        
  g03/      08,  23,  36,  49,  51,  10 
   
     Mega Millions   August   
       g30/      06,  31,  32,  42,  51,  42 
        
  g27/      02,  05,  11,  18,  45,  22 
   
     g23/      05,  19,  20,  45,  48,  44 
      
        g20/      02,  13,  20,  23,  43,  06 
 
   g16/      22,  31,  33,  44,  52,  43 
    
      g13/      03,  10,  15,  18,  25,  52 
       
         g09/      07,  17,  23,  43,  44,  26 
  
    g06/      02,  06,  38,  40,  50,  14 
     
       g02/      10,  16,  23,  28,  31,  07 
        
  Mega Millions   July   
    g30/      02,  06,  22,  27,  44,  01 
     
       g26/      20,  27,  28,  37,  49,  32 
        
  g23/      10,  12,  29,  32,  38,  07 
   
     g19/      07,  15,  24,  37,  46,  09 
      
        g16/      10,  24,  35,  49,  52,  47 
 
   g12/      13,  19,  23,  38,  47,  15 
    
      g09/      26,  29,  31,  44,  48,  40 
       
         g05/      11,  20,  26,  29,  41,  41 
  
    g02/      14,  22,  32,  35,  44,  06 
     
       Mega Millions   June   
         g28/      18,  31,  49,  50,  51,  04 
  
    g25/      04,  18,  21,  27,  41,  50 
     
       g21/      13,  18,  32,  39,  49,  06 
        
  g18/      06,  13,  18,  27,  45,  18 
   
     g14/      04,  08,  32,  37,  43,  02 
      
        g11/      05,  06,  09,  33,  44,  52 
 
   g07/      14,  22,  27,  28,  42,  13 
    
      g04/      03,  25,  29,  30,  48,  48 
       
         Mega Millions   May   
   g31/      12,  28,  45,  46,  52,  47 
    
      g28/      06,  21,  22,  29,  32,  24 
       
         g24/      02,  04,  32,  44,  52,  36 
  
    g21/      04,  28,  39,  41,  44,  09 
     
       g17/      15,  18,  25,  33,  47,  30 
        

