02/06/2004  01 06 16 30 49 13
02/03/2004  09 21 26 35 41 17
01/30/2004  17 28 30 40 51 44
01/27/2004  06 10 20 38 50 27
01/23/2004  10 18 33 46 51 13
01/20/2004  05 07 14 21 45 36
01/16/2004  12 26 41 44 49 44
01/13/2004  03 17 18 21 45 21
01/09/2004  24 32 38 47 49 12
01/06/2004  07 13 15 25 32 09
01/02/2004  07 08 36 44 48 09
12/30/2003  12 18 21 32 46 49
12/26/2003  01 10 17 20 29 36
12/23/2003  02 13 21 22 49 52
12/19/2003  05 10 17 35 39 38
12/16/2003  16 24 31 46 47 47
12/12/2003  09 16 32 45 46 26
12/09/2003  04 14 15 24 48 41
12/05/2003  01 12 15 18 44 42
12/02/2003  10 13 24 34 49 04
11/28/2003  19 26 31 44 50 19
11/25/2003  22 32 37 40 41 52
11/21/2003  14 26 28 36 42 14
11/18/2003  04 11 25 30 52 36
11/14/2003  03 13 31 41 42 52
11/11/2003  02 05 17 21 22 43
11/07/2003  06 18 23 26 30 31
11/04/2003  16 24 43 44 45 22
10/31/2003  06 12 13 36 46 03
10/28/2003  06 09 20 40 47 26
10/24/2003  08 09 16 30 31 15
10/21/2003  18 34 46 51 52 38
10/17/2003  14 20 31 46 48 18
10/14/2003  18 19 21 33 40 29
10/10/2003  04 19 36 42 48 13
10/07/2003  01 02 22 40 41 43
10/03/2003  19 21 30 31 52 51
09/30/2003  02 26 37 40 46 49
09/26/2003  05 29 32 45 52 29
09/23/2003  05 16 24 49 51 28
09/19/2003  13 14 24 34 47 13
09/16/2003  15 20 24 30 46 42
09/12/2003  16 22 23 38 46 45
09/09/2003  14 15 30 39 46 30
09/05/2003  07 09 28 41 42 19
09/02/2003  22 26 27 32 39 14
08/29/2003  08 11 17 42 52 10
08/26/2003  09 28 42 44 49 47
08/22/2003  04 19 31 32 51 31
08/19/2003  07 11 24 28 52 16
08/15/2003  01 16 20 41 52 13
08/12/2003  08 11 18 35 51 26
08/08/2003  06 09 35 40 43 42
08/05/2003  07 32 34 38 44 49
08/01/2003  02 11 27 30 33 46
07/29/2003  01 17 19 32 42 33
07/25/2003  33 46 47 50 51 30
07/22/2003  01 05 31 38 47 03
07/18/2003  29 30 34 38 44 39
07/15/2003  01 26 33 43 48 22
07/11/2003  01 04 10 16 18 10
07/08/2003  02 09 27 29 35 18
07/04/2003  06 07 22 37 46 08
07/01/2003  28 32 39 45 48 31
06/27/2003  01 14 20 31 40 43
06/24/2003  02 26 43 44 47 31
06/20/2003  01 02 03 12 37 35
06/17/2003  27 31 34 40 52 01
06/13/2003  12 15 16 20 51 33
06/10/2003  14 15 23 32 52 37
06/06/2003  10 14 28 39 40 35
06/03/2003  04 20 25 29 32 20
05/30/2003  01 21 28 33 51 03
05/27/2003  10 11 17 20 26 03
05/23/2003  12 20 31 33 50 17
05/20/2003  02 16 36 44 49 03
05/16/2003  05 10 16 26 39 52
05/13/2003  17 20 47 49 50 34
05/09/2003  01 10 20 22 28 39
05/06/2003  05 14 32 44 52 24
05/02/2003  02 05 19 32 34 52
04/29/2003  06 08 09 33 35 32
04/25/2003  01 12 32 48 51 29
04/22/2003  03 09 15 28 52 07
04/18/2003  05 15 24 50 52 03
04/15/2003  16 29 31 39 52 21
04/11/2003  15 26 27 38 39 46
04/08/2003  08 10 24 38 45 06
04/04/2003  06 22 28 31 40 18
04/01/2003  07 12 26 45 47 36
03/28/2003  08 12 21 27 29 15
03/25/2003  15 21 37 40 42 07
03/21/2003  06 17 18 40 50 08
03/18/2003  13 14 16 29 49 29
03/14/2003  03 06 14 31 33 08
03/11/2003  10 15 26 28 39 10
03/07/2003  07 10 32 36 41 33
03/04/2003  02 26 36 37 41 22
02/28/2003  11 16 26 48 49 13
02/25/2003  02 04 06 37 47 38
02/21/2003  21 28 29 40 51 20
02/18/2003  12 22 29 42 50 11
02/14/2003  11 13 19 32 47 21
02/11/2003  18 20 23 48 49 10
02/07/2003  03 09 20 26 27 50
02/04/2003  05 12 16 22 24 48
01/31/2003  01 08 09 19 22 21
01/28/2003  13 24 26 32 47 34
01/24/2003  16 31 37 40 41 05
01/21/2003  04 41 48 50 51 23
01/17/2003  25 26 38 42 46 27
01/14/2003  30 39 41 47 52 27
01/10/2003  07 17 18 34 50 18
01/07/2003  15 16 28 34 51 33
01/03/2003  06 14 28 37 46 03
12/31/2002  08 21 29 42 51 34
12/27/2002  11 14 26 30 39 03
12/24/2002  08 24 39 43 52 43
12/20/2002  10 14 41 46 49 52
12/17/2002  03 07 21 29 49 46
12/13/2002  02 13 14 24 46 34
12/10/2002  03 05 09 16 31 28
12/06/2002  04 08 30 36 52 48
12/03/2002  01 15 19 40 51 26
11/29/2002  08 25 33 42 49 40
11/26/2002  03 21 27 31 43 34
11/22/2002  11 16 19 22 46 05
11/19/2002  07 16 20 40 52 08
11/15/2002  06 17 44 49 51 39
11/12/2002  03 28 45 48 50 24
11/08/2002  17 19 37 47 48 14
11/05/2002  02 07 16 28 36 47
11/01/2002  05 10 22 23 43 37
10/29/2002  09 10 14 41 49 35
10/25/2002  08 15 34 39 47 04
10/22/2002  16 20 26 36 48 32
10/18/2002  10 31 40 48 51 38
10/15/2002  06 20 27 34 51 22
10/11/2002  09 11 17 26 41 29
10/08/2002  18 34 43 47 50 25
10/04/2002  10 42 43 45 51 01
10/01/2002  07 21 30 32 37 15
09/27/2002  23 27 30 33 36 05
09/24/2002  08 32 34 42 50 21
09/20/2002  01 02 04 05 46 08
09/17/2002  07 10 19 26 44 05
09/13/2002  24 32 37 40 51 12
09/10/2002  04 06 10 21 25 21
09/06/2002  31 39 42 49 51 35
09/03/2002  08 23 36 49 51 10
08/30/2002  06 31 32 42 51 42
08/27/2002  02 05 11 18 45 22
08/23/2002  05 19 20 45 48 44
08/20/2002  02 13 20 23 43 06
08/16/2002  22 31 33 44 52 43
08/13/2002  03 10 15 18 25 52
08/09/2002  07 17 23 43 44 26
08/06/2002  02 06 38 40 50 14
08/02/2002  10 16 23 28 31 07
07/30/2002  02 06 22 27 44 01
07/26/2002  20 27 28 37 49 32
07/23/2002  10 12 29 32 38 07
07/19/2002  07 15 24 37 46 09
07/16/2002  10 24 35 49 52 47
07/12/2002  13 19 23 38 47 15
07/09/2002  26 29 31 44 48 40
07/05/2002  11 20 26 29 41 41
07/02/2002  14 22 32 35 44 06
06/28/2002  18 31 49 50 51 04
06/25/2002  04 18 21 27 41 50
06/21/2002  13 18 32 39 49 06
06/18/2002  06 13 18 27 45 18
06/14/2002  04 08 32 37 43 02
06/11/2002  05 06 09 33 44 52
06/07/2002  14 22 27 28 42 13
06/04/2002  03 25 29 30 48 48
05/31/2002  12 28 45 46 52 47
05/28/2002  06 21 22 29 32 24
05/24/2002  02 04 32 44 52 36
05/21/2002  04 28 39 41 44 09
05/17/2002  15 18 25 33 47 30
