11/09/2002 08,26,34,35,44,50
11/06/2002 24,27,37,50,51,58
11/02/2002 02,05,11,24,45,52
LOTTO October2002
10/30/2002 09,20,21,28,32,50
10/26/2002 13,22,27,46,49,53
10/23/2002 03,11,29,37,41,49
10/19/2002 01,20,25,40,42,46
10/16/2002 05,06,23,35,36,44
10/12/2002 01,02,18,42,55,57
10/09/2002 05,24,29,31,39,48
10/05/2002 02,09,10,16,24,44
10/02/2002 11,20,23,28,45,57
LOTTO September2002
09/28/2002 08,39,42,44,48,49
09/25/2002 03,11,16,17,46,53
09/21/2002 14,35,36,44,51,58
09/18/2002 04,10,23,47,53,58
09/14/2002 11,18,35,51,53,55
09/11/2002 03,07,11,15,52,58
09/07/2002 03,23,29,38,45,58
09/04/2002 09,12,18,33,36,50
LOTTO August2002
08/31/2002 07,17,36,38,48,55
08/28/2002 09,35,41,45,54,55
08/24/2002 13,15,19,32,34,48
08/21/2002 04,06,07,20,44,57
08/17/2002 04,06,19,24,33,41
08/14/2002 06,09,29,33,52,57
08/10/2002 05,13,23,33,45,57
08/07/2002 02,15,23,39,54,56
08/03/2002 04,10,28,35,38,55
LOTTO July2002
07/31/2002 05,13,21,23,38,57
07/27/2002 07,28,37,45,48,52
07/24/2002 18,19,25,42,52,56
07/20/2002 03,10,24,29,44,52
07/17/2002 18,22,30,51,55,59
07/13/2002 05,07,15,23,32,44
07/10/2002 27,36,37,51,58,59
07/06/2002 04,20,26,30,54,58
07/03/2002 07,11,21,42,45,52
LOTTO June2002
06/29/2002 02,15,20,24,48,53
06/26/2002 06,10,13,27,29,43
06/22/2002 01,07,11,22,42,52
06/19/2002 03,14,22,45,50,56
06/15/2002 07,16,30,40,51,56
06/12/2002 14,20,21,47,51,54
06/08/2002 06,26,35,39,50,52
06/05/2002 12,15,31,40,47,59
06/01/2002 04,44,46,49,54,59
LOTTO May2002
05/29/2002 05,14,23,25,33,48
05/25/2002 01,05,10,16,28,34
05/22/2002 09,12,13,14,23,53
05/18/2002 16,24,32,34,39,54
05/15/2002 06,12,15,23,39,56
05/11/2002 05,07,21,27,29,50
05/08/2002 06,10,17,31,35,51
05/04/2002 04,08,14,27,44,50
05/01/2002 10,20,30,31,42,49
LOTTO April2002
04/27/2002 08,09,10,22,31,49
04/24/2002 07,26,39,41,50,56
04/20/2002 02,08,17,23,27,55
04/17/2002 02,11,15,19,23,56
04/13/2002 07,09,13,33,35,59
04/10/2002 02,08,11,16,37,54
04/06/2002 15,31,33,37,49,55
04/03/2002 02,19,26,33,50,58
LOTTO March2002
03/30/2002 21,24,36,38,41,47
03/27/2002 09,16,20,32,34,41
03/23/2002 08,23,25,26,40,58
03/20/2002 03,16,27,33,51,58
03/16/2002 07,19,44,47,48,54
03/13/2002 04,07,19,21,26,56
03/09/2002 08,20,22,24,33,41
03/06/2002 07,17,29,47,57,59
03/02/2002 15,18,25,26,27,52
LOTTO February2002
02/27/2002 08,19,22,31,44,53
02/23/2002 04,24,30,37,40,45
02/20/2002 04,05,10,46,50,56
02/16/2002 14,17,23,25,39,45
02/13/2002 14,30,33,45,52,59
02/09/2002 16,25,28,29,46,48
02/06/2002 02,03,30,43,55,59
02/02/2002 18,34,37,38,42,55
LOTTO January2002
01/30/2002 09,16,21,28,30,48
01/26/2002 01,09,32,36,56,57
01/23/2002 11,16,20,22,30,37
01/19/2002 11,23,28,39,44,53
01/16/2002 05,16,21,30,38,49
01/12/2002 01,10,17,20,23,34
01/09/2002 11,15,31,39,47,48
01/05/2002 01,17,32,42,43,54
01/02/2002 01,10,20,23,29,31
LOTTO December2001
12/29/2001 17,26,35,47,55,57
12/26/2001 02,18,21,38,39,44
12/22/2001 19,20,25,36,38,53
12/19/2001 06,15,26,30,55,56
12/15/2001 02,09,18,26,36,57
12/12/2001 06,15,18,31,48,53
12/08/2001 01,11,35,50,55,56
12/05/2001 07,43,46,49,52,57
12/01/2001 02,14,15,21,48,51
LOTTO November2001
11/28/2001 10,25,35,45,48,49
11/24/2001 05,22,35,47,52,58
11/21/2001 05,07,13,38,44,48
11/17/2001 21,27,29,34,41,48
11/14/2001 06,08,11,17,22,41
 
