02/01/2012 8 13 17 34 59 35
01/28/2012 5 33 41 54 59 13
01/25/2012 4 19 28 29 47 5
01/21/2012 12 24 43 44 45 7
01/18/2012 6 29 34 44 50 28
01/14/2012 10 30 36 38 41 1
01/11/2012 5 19 29 45 47 25
01/07/2012 3 21 24 38 39 24
01/04/2012 21 35 46 47 50 2
12/31/2011 5 23 25 28 40 34
12/28/2011 16 21 27 41 45 14
12/24/2011 14 16 30 51 52 19
12/21/2011 10 13 15 31 54 18
12/17/2011 13 28 49 51 59 33
12/14/2011 2 24 46 52 56 19
12/10/2011 4 19 33 41 59 9
12/07/2011 3 14 20 39 40 37
12/03/2011 5 18 33 43 45 8
11/30/2011 2 6 34 35 47 22
11/26/2011 20 37 39 45 55 28
11/23/2011 4 30 35 57 59 25
11/19/2011 9 16 17 28 30 11
11/16/2011 13 22 25 39 51 28
11/12/2011 4 35 36 51 56 8
11/09/2011 5 35 57 58 59 12
11/05/2011 2 33 39 40 43 26
11/02/2011 12 14 34 39 46 36
10/29/2011 11 16 40 51 56 38
10/26/2011 1 18 21 39 55 6
10/22/2011 3 8 23 30 58 13
10/19/2011 16 26 35 52 58 2
10/15/2011 5 10 24 38 43 1
10/12/2011 10 12 23 43 47 18
10/08/2011 3 27 35 37 45 31
10/05/2011 7 20 43 46 54 17
10/01/2011 1 12 23 27 43 31
09/28/2011 30 41 50 51 53 8
09/24/2011 3 4 12 27 44 26
09/21/2011 12 47 48 52 55 13
09/17/2011 6 20 22 32 43 11
09/14/2011 16 41 42 50 59 5
09/10/2011 4 19 22 32 53 24
09/07/2011 3 5 18 27 54 13
09/03/2011 15 25 52 53 54 2
08/31/2011 13 19 35 47 57 29
08/27/2011 2 12 25 54 58 14
08/24/2011 9 13 47 49 53 39
08/20/2011 2 17 23 28 47 36
08/17/2011 18 28 31 48 52 37
08/13/2011 9 12 35 50 58 4
08/10/2011 11 18 36 41 46 38
08/06/2011 25 30 54 57 59 6
08/03/2011 13 19 21 28 49 11
07/30/2011 20 40 41 47 55 19
07/27/2011 38 40 41 51 59 33
07/23/2011 1 7 27 38 48 30
07/20/2011 1 4 38 40 42 17
07/16/2011 24 28 48 50 54 25
07/13/2011 8 18 19 32 54 8
07/09/2011 1 9 11 23 31 6
07/06/2011 11 15 24 50 55 8
07/02/2011 1 11 18 29 51 32
06/29/2011 24 30 45 57 59 26
06/25/2011 18 36 39 41 57 12
06/22/2011 12 15 19 46 59 12
06/18/2011 12 21 22 38 41 18
06/15/2011 19 20 38 41 43 29
06/11/2011 16 18 27 36 50 8
06/08/2011 14 37 44 45 53 29
06/04/2011 17 19 39 41 58 21
06/01/2011 8 18 38 46 56 31
05/28/2011 12 20 43 51 55 11
05/25/2011 4 23 31 42 50 23
05/21/2011 2 8 40 49 50 36
05/18/2011 7 12 13 42 49 16
05/14/2011 8 17 18 40 44 16
05/11/2011 9 17 32 43 45 31
05/07/2011 2 11 27 47 55 15
05/04/2011 3 15 27 29 41 24
04/30/2011 6 13 15 32 41 3
04/27/2011 4 24 40 44 55 5
04/23/2011 3 11 47 48 58 19
04/20/2011 9 24 34 36 43 27
04/16/2011 21 33 44 45 55 7
04/13/2011 4 23 39 49 50 39
04/09/2011 5 14 32 53 56 11
04/06/2011 10 18 41 55 56 15
04/02/2011 6 22 34 43 45 23
03/30/2011 19 20 42 56 58 37
03/26/2011 4 10 11 19 33 27
03/23/2011 5 15 26 28 32 9
03/19/2011 3 11 20 27 46 8
03/16/2011 28 39 40 48 53 9
03/12/2011 1 4 12 41 47 3
03/09/2011 12 20 28 40 48 8
03/05/2011 2 23 31 42 48 21
03/02/2011 7 31 50 51 58 6
02/26/2011 4 13 17 21 45 10
02/23/2011 29 32 36 39 49 29
02/19/2011 3 12 34 37 42 36
02/16/2011 9 13 21 23 48 24
02/12/2011 11 32 36 48 52 19
02/09/2011 7 11 39 42 51 30
02/05/2011 15 37 41 56 59 5
02/02/2011 3 14 33 53 57 36
01/29/2011 24 28 45 49 52 2
01/26/2011 4 5 36 47 58 6
01/22/2011 30 31 34 45 51 23
01/19/2011 22 36 51 56 59 32
01/15/2011 9 13 22 23 37 31
01/12/2011 19 21 23 40 48 27
01/08/2011 6 7 26 33 52 24
01/05/2011 22 26 32 38 40 7
01/01/2011 18 22 37 47 54 36
12/29/2010 3 16 18 20 37 30
12/25/2010 1 17 38 50 52 24
12/22/2010 11 33 44 46 47 12
12/18/2010 4 11 19 33 43 14
12/15/2010 10 11 18 32 45 18
12/11/2010 1 8 10 19 20 23
12/08/2010 8 11 25 41 58 16
12/04/2010 13 24 27 31 42 22
12/01/2010 5 10 11 12 20 2
11/27/2010 10 30 37 47 54 39
11/24/2010 8 20 21 32 37 4
11/20/2010 10 12 38 53 57 1
11/17/2010 14 16 53 54 59 5
11/13/2010 17 30 48 51 54 29
11/10/2010 5 8 11 40 44 10
11/06/2010 7 12 23 34 38 33
11/03/2010 34 38 39 45 50 33
10/30/2010 1 7 27 36 49 39
10/27/2010 20 24 25 53 59 15
10/23/2010 2 7 16 20 46 34
10/20/2010 7 17 20 39 59 17
10/16/2010 11 12 15 16 28 11
10/13/2010 12 22 32 34 46 2
10/09/2010 2 6 32 42 49 35
10/06/2010 14 26 37 41 46 24
10/02/2010 12 20 30 36 47 25
09/29/2010 13 44 51 52 55 30
09/25/2010 8 16 27 35 42 30
09/22/2010 10 24 36 52 55 15
09/18/2010 1 18 37 39 44 13
09/15/2010 7 20 21 34 43 34
09/11/2010 7 17 20 36 59 33
09/08/2010 10 35 39 51 57 20
09/04/2010 11 14 22 33 42 38
09/01/2010 17 20 21 40 51 19
08/28/2010 4 22 27 32 56 13
08/25/2010 16 17 29 31 36 23
08/21/2010 7 10 12 22 27 26
08/18/2010 4 32 33 47 55 39
08/14/2010 9 33 36 50 58 31
08/11/2010 7 10 22 23 52 29
08/07/2010 4 22 26 31 52 30
08/04/2010 19 28 30 37 53 36
07/31/2010 1 16 17 41 57 15
07/28/2010 1 11 20 25 27 2
07/24/2010 20 30 38 46 59 27
07/21/2010 16 22 30 51 58 25
07/17/2010 22 27 35 37 45 3
07/14/2010 20 21 23 38 42 6
07/10/2010 20 21 27 28 56 4
07/07/2010 10 41 44 48 56 4
07/03/2010 3 10 14 52 53 3
06/30/2010 6 38 43 47 48 27
06/26/2010 13 30 32 38 57 25
06/23/2010 11 30 45 47 48 10
06/19/2010 9 30 31 50 54 39
06/16/2010 8 11 18 29 36 6
06/12/2010 9 12 13 35 38 30
06/09/2010 14 22 27 32 49 5
06/05/2010 18 34 40 48 59 25
06/02/2010 4 9 14 39 43 38
05/29/2010 1 3 24 28 41 10
05/26/2010 1 6 10 13 20 32
05/22/2010 19 20 40 47 57 29
05/19/2010 2 7 29 55 58 27
05/15/2010 15 21 23 28 36 20
05/12/2010 37 51 52 53 58 38
05/08/2010 5 22 34 41 57 31
05/05/2010 13 34 40 47 57 11
05/01/2010 16 23 25 49 58 20
04/28/2010 12 22 25 28 44 24
04/24/2010 1 12 53 56 57 5
04/21/2010 11 34 41 49 55 20
04/17/2010 5 21 22 41 49 15
04/14/2010 6 14 32 38 52 20
04/10/2010 21 22 49 52 58 34
04/07/2010 4 36 40 44 52 33
04/03/2010 10 15 31 52 59 4
03/31/2010 5 13 17 45 54 12
03/27/2010 7 21 32 44 52 10
03/24/2010 14 20 24 39 49 7
03/20/2010 9 36 39 44 45 9
03/17/2010 24 26 45 48 55 8
03/13/2010 6 16 20 31 36 8
03/10/2010 17 21 37 41 50 1
03/06/2010 10 29 33 41 59 15
03/03/2010 7 9 14 45 49 23
02/27/2010 18 47 51 53 58 30
02/24/2010 4 17 35 50 57 12
02/20/2010 13 27 37 41 54 32
02/17/2010 7 8 19 26 36 15
02/13/2010 10 14 30 40 51 1
02/10/2010 5 8 29 37 38 34
02/06/2010 14 22 52 54 59 4
02/03/2010 17 22 36 37 52 24
01/30/2010 6 26 35 47 48 21
01/27/2010 6 15 20 26 31 9
01/23/2010 15 16 20 42 53 17
01/20/2010 15 32 43 44 46 19
01/16/2010 7 8 23 41 55 23
01/13/2010 8 11 15 32 50 27
01/09/2010 20 41 44 50 54 22
01/06/2010 20 27 29 56 58 31
01/02/2010 3 7 23 27 42 37
12/30/2009 5 14 38 39 52 6
12/26/2009 32 36 37 41 53 30
12/23/2009 8 32 49 51 52 23
12/19/2009 17 24 39 41 47 21
12/16/2009 13 23 25 35 43 15
12/12/2009 12 13 14 35 41 29
12/09/2009 1 5 12 13 58 21
12/05/2009 27 39 41 44 58 17
12/02/2009 14 34 37 46 55 37
11/28/2009 26 27 28 46 50 21
11/25/2009 4 13 18 49 59 5
11/21/2009 7 26 36 49 58 4
11/18/2009 32 42 50 58 59 31
11/14/2009 19 30 32 48 57 14
11/11/2009 8 12 14 22 29 22
11/07/2009 7 32 37 46 50 26
11/04/2009 10 11 14 45 51 17
10/31/2009 2 19 26 41 54 23
10/28/2009 3 11 26 46 51 23
10/24/2009 14 22 38 49 59 16
10/21/2009 6 16 34 45 51 4
10/17/2009 5 16 25 30 49 39
10/14/2009 5 15 25 30 40 6
10/10/2009 13 32 45 49 50 30
10/07/2009 2 20 21 38 50 22
10/03/2009 12 24 48 50 57 22
09/30/2009 41 42 52 54 57 30
09/26/2009 18 20 34 36 39 19
09/23/2009 7 8 20 25 29 11
09/19/2009 5 24 25 30 49 23
09/16/2009 17 37 40 51 56 25
09/12/2009 13 28 38 41 56 25
09/09/2009 4 16 18 51 53 23
09/05/2009 9 16 27 35 57 29
09/02/2009 18 23 36 47 59 36
08/29/2009 1 20 37 52 53 33
08/26/2009 1 21 23 30 43 11
08/22/2009 3 6 20 32 51 23
08/19/2009 14 24 31 43 51 27
08/15/2009 14 15 26 32 36 12
08/12/2009 10 25 32 34 47 5
08/08/2009 4 33 37 45 50 11
08/05/2009 25 34 41 46 49 29
08/01/2009 5 37 39 46 53 8
07/29/2009 2 5 38 43 59 8
07/25/2009 5 17 33 46 52 9
07/22/2009 4 6 16 22 32 11
07/18/2009 4 21 26 28 47 37
07/15/2009 26 50 51 52 57 37
07/11/2009 1 4 20 39 42 2
07/08/2009 19 42 50 53 56 39
07/04/2009 4 9 22 41 44 14
07/01/2009 9 32 38 52 53 15
06/27/2009 18 22 26 39 48 17
06/24/2009 16 18 24 51 53 16
06/20/2009 3 11 18 22 28 33
06/17/2009 5 9 37 42 53 27
06/13/2009 13 16 20 35 41 6
06/10/2009 15 26 27 42 58 37
06/06/2009 10 18 23 30 45 2
06/03/2009 16 20 22 32 37 9
05/30/2009 1 23 42 51 59 20
05/27/2009 5 6 12 16 21 7
05/23/2009 19 23 34 52 57 21
05/20/2009 23 30 31 35 42 6
05/16/2009 6 7 31 40 56 38
05/13/2009 19 30 32 37 40 37
05/09/2009 4 15 32 49 58 21
05/06/2009 7 8 12 22 31 18
05/02/2009 3 20 38 42 45 27
04/29/2009 6 19 36 50 59 13
04/25/2009 8 26 30 42 52 15
04/22/2009 15 22 30 37 48 12
04/18/2009 7 15 28 43 44 20
04/15/2009 16 22 26 27 59 5
04/11/2009 7 28 35 46 49 20
04/08/2009 1 6 48 52 56 9
04/04/2009 14 21 50 57 58 7
04/01/2009 2 9 33 41 54 14
03/28/2009 2 3 16 41 48 19
03/25/2009 10 20 23 47 54 26
03/21/2009 19 23 27 49 52 21
03/18/2009 16 26 29 41 45 1
03/14/2009 7 30 33 44 51 10
03/11/2009 3 7 13 34 47 30
03/07/2009 21 27 28 56 59 21
03/04/2009 1 6 44 49 55 36
02/28/2009 3 16 20 42 58 7
02/25/2009 17 32 42 49 56 11
02/21/2009 13 31 41 45 46 21
02/18/2009 2 15 39 44 56 15
02/14/2009 2 8 9 33 45 5
02/11/2009 5 10 22 45 49 37
02/07/2009 5 18 20 28 53 27
02/04/2009 7 24 30 32 44 18
01/31/2009 1 14 26 33 41 37
01/28/2009 5 10 18 23 32 4
01/24/2009 6 20 25 37 42 25
01/21/2009 20 26 38 46 54 23
01/17/2009 2 5 9 23 59 26
01/14/2009 8 25 34 39 46 34
01/10/2009 8 10 18 43 56 9
01/07/2009 23 31 33 38 52 24
01/03/2009 17 22 24 38 55 24
