10/13/2010 	03	11	17	21	23
10/12/2010 	12	13	14	24	30
10/11/2010 	03	07	13	15	31
10/10/2010 	08	17	22	33	34
10/09/2010 	12	14	18	20	36
10/08/2010 	01	07	11	30	36
10/07/2010 	01	14	20	21	38
10/06/2010 	15	17	22	31	39
10/05/2010 	13	15	20	22	35
10/04/2010 	03	04	17	18	30
10/03/2010 	01	05	18	21	33
10/02/2010 	02	03	05	37	38
10/01/2010 	05	07	10	29	38
09/30/2010 	06	15	32	33	36
09/29/2010 	02	07	09	14	15
09/28/2010 	06	08	16	18	30
09/27/2010 	01	14	18	24	34
09/26/2010 	07	10	11	12	20
09/25/2010 	09	10	22	29	31
09/24/2010 	11	12	17	33	34
09/23/2010 	11	14	29	34	35
09/22/2010 	05	12	17	26	30
09/21/2010 	02	14	23	30	38
09/20/2010 	10	19	21	27	39
09/19/2010 	06	11	15	37	38
09/18/2010 	11	12	17	18	39
09/17/2010 	04	08	25	33	36
09/16/2010 	07	12	22	28	36
09/15/2010 	06	12	35	37	38
09/14/2010 	02	18	19	27	29
09/13/2010 	17	19	24	29	31
09/12/2010 	02	03	06	29	38
