08/01/2012 7 20 27 30 38 
07/31/2012 15 23 26 32 37
07/30/2012 15 16 19 27 30
07/29/2012 09 13 20 22 34
07/28/2012 10 18 21 22 37
07/27/2012 02 05 14 15 21
07/26/2012 19 29 32 35 37
07/25/2012 05 10 23 30 33
07/24/2012 01 09 16 17 33
07/23/2012 03 05 09 24 39
07/22/2012 05 10 11 17 27
07/21/2012 12 23 31 34 38
07/20/2012 03 09 13 35 37
07/19/2012 02 06 18 19 21
07/18/2012 07 09 21 34 39
07/17/2012 4 12 18 23 36
07/16/2012 01 09 15 18 28
07/15/2012 04 06 23 28 36
07/14/2012 17 20 24 30 37
07/13/2012 09 13 18 19 35
07/12/2012 05 11 25 26 32
07/11/2012 04 16 19 23 32
07/10/2012 3 8 25 31 36
07/09/2012 04 06 14 22 37
07/08/2012 03 04 14 16 33
07/07/2012 04 08 22 25 29
07/06/2012 6 20 21 26 34
07/05/2012 19 22 24 26 30
07/04/2012 22 24 28 31 37
07/03/2012 02 21 24 28 34
07/02/2012 02 07 16 23 27
07/01/2012 04 20 22 35 38
06/30/2012 06 10 13 22 35
06/29/2012 20 26 32 36 38
06/28/2012 12 24 27 33 38
06/27/2012 04 05 07 29 31
06/26/2012 04 06 13 26 34
06/25/2012 04 11 12 23 38
06/24/2012 02 15 22 25 39
06/23/2012 02 04 17 19 36
06/22/2012 01 26 27 32 34
06/21/2012 01 14 27 30 37
06/20/2012 10 12 20 23 25
06/19/2012 08 18 29 37 38
06/18/2012 03 06 09 17 25
06/17/2012 01 06 15 36 39
06/16/2012 04 07 09 17 20
06/15/2012 01 17 20 25 29
06/14/2012 18 22 25 34 35
06/13/2012 04 12 25 27 30
06/12/2012 02 10 30 31 32
06/11/2012 07 13 14 25 31
06/10/2012 02 06 10 11 37
06/09/2012 11 12 30 36 37
06/08/2012 06 10 13 17 20
06/07/2012 14 20 30 32 38
06/06/2012 01 07 17 29 33
06/05/2012 02 12 14 20 36
06/04/2012 08 10 11 22 36
06/03/2012 05 21 25 31 34
06/02/2012 06 17 25 31 35
06/01/2012 17 20 35 36 39
05/31/2012 8 18 27 28 39
05/30/2012 04 21 22 34 35
05/29/2012 02 11 24 30 31
05/28/2012 06 08 16 34 36
05/27/2012 07 09 18 27 37
05/26/2012 05 09 19 25 34
05/25/2012 06 11 12 20 35
05/24/2012 07 14 19 20 27
05/23/2012 02 07 10 17 36
05/22/2012 06 07 09 24 28
05/21/2012 07 19 25 37 39
05/20/2012 06 09 13 22 33
05/19/2012 17 20 21 22 36
05/18/2012 06 15 23 26 33
05/17/2012 03 08 10 18 29
05/16/2012 19 28 30 32 33
05/15/2012 05 19 22 29 32
05/14/2012 5 6 7 27 37
05/13/2012 06 15 27 28 37
05/12/2012 07 32 33 38 39
05/11/2012 15 17 20 30 31
05/10/2012 02 19 22 36 37
05/09/2012 05 14 30 31 36
05/08/2012 10 20 23 24 38
05/07/2012 19 23 27 30 38
05/06/2012 11 15 20 36 38
05/05/2012 08 11 15 21 39
05/04/2012 04 06 24 37 39
05/03/2012 01 05 20 29 36
05/02/2012 01 13 15 23 35
05/01/2012 10 11 20 21 32
04/30/2012 05 13 24 25 36
04/29/2012 01 22 25 26 36
04/28/2012 07 10 11 17 30
04/27/2012 04 10 19 29 37
04/26/2012 08 15 30 34 37
04/25/2012 01 03 15 19 21
04/24/2012 1 18 19 24 35
04/23/2012 08 23 31 33 36
04/22/2012 01 12 14 17 37
04/21/2012 02 05 31 33 34
04/20/2012 01 05 28 32 34
04/19/2012 06 26 28 29 36
04/18/2012 07 11 15 20 37
04/17/2012 02 03 05 19 32
04/16/2012 02 03 04 15 21
04/15/2012 06 10 19 27 38
04/14/2012 07 11 23 26 31
04/13/2012 12 26 29 34 36
04/12/2012 01 03 04 23 37
04/11/2012 11 18 22 25 27
04/10/2012 06 16 19 25 37
04/09/2012 01 03 04 10 23
04/08/2012 01 06 08 21 32
04/07/2012 6 10 11 13 16
04/06/2012 15 16 17 18 32
04/05/2012 02 06 17 30 35
04/04/2012 02 12 26 28 36
04/03/2012 02 13 20 34 35
04/02/2012 11 17 20 31 38
04/01/2012 20 32 33 36 37
03/31/2012 12 16 27 33 39
03/30/2012 08 10 21 22 32
03/29/2012 02 05 15 20 31
03/28/2012 07 24 31 36 38
03/27/2012 03 14 15 24 28
03/26/2012 07 10 29 33 39
03/25/2012 22 26 31 33 34
03/24/2012 12 19 23 29 33
03/23/2012 13 20 27 30 33
03/22/2012 01 10 17 18 31
03/21/2012 04 14 23 27 36
03/20/2012 08 23 30 35 36
03/19/2012 07 15 23 31 34
03/18/2012 05 22 32 37 38
03/17/2012 09 10 18 24 35
03/16/2012 08 20 27 32 36
03/15/2012 05 06 20 34 35
03/14/2012 03 04 08 32 35
03/13/2012 1 10 13 17 34
03/12/2012 12 17 29 33 39
03/11/2012 07 09 24 29 33
03/10/2012 09 18 20 31 37
03/09/2012 12 17 21 23 32
03/08/2012 07 14 24 29 34
03/07/2012 09 14 16 18 19
03/06/2012 09 19 29 36 39
03/05/2012 06 08 09 20 33
03/04/2012 22 27 31 36 39
03/03/2012 04 10 14 18 25
03/02/2012 04 05 32 33 37
03/01/2012 04 05 15 17 26
02/29/2012 03 11 15 24 29
02/28/2012 14 20 26 27 28
02/27/2012 01 06 08 26 30
02/26/2012 04 10 14 19 38
02/25/2012 5 12 24 28 31
02/24/2012 09 16 17 27 31
02/23/2012 5 6 9 20 28
02/22/2012 09 16 18 19 35
02/21/2012 03 13 22 24 38
02/20/2012 06 19 22 26 31
02/19/2012 02 05 28 33 39
02/18/2012 03 08 18 23 27
02/17/2012 02 05 25 27 30
02/16/2012 04 07 11 17 26
02/15/2012 12 13 17 22 35
02/14/2012 03 24 30 34 39
02/13/2012 07 23 25 28 35
02/12/2012 08 15 17 28 31
02/11/2012 01 14 22 25 33
02/10/2012 14 15 20 26 34
02/09/2012 04 05 14 22 30
02/08/2012 10 16 21 32 34
02/07/2012 22 28 31 33 38
02/06/2012 01 02 14 15 31
02/05/2012 04 11 14 19 31
02/04/2012 03 09 11 25 35
02/03/2012 03 13 17 26 34
02/02/2012 07 19 20 28 33
02/01/2012 02 05 07 13 30
01/31/2012 16 21 33 35 37
01/30/2012 16 22 27 30 37
01/29/2012 23 24 29 30 36
01/28/2012 18 20 21 34 39
01/27/2012 02 08 20 31 39
01/26/2012 09 21 28 29 37
01/25/2012 13 25 27 37 38
01/24/2012 20 21 23 35 38
01/23/2012 05 06 10 18 34
01/22/2012 01 06 16 21 37
01/21/2012 04 09 25 35 36
01/20/2012 02 10 16 17 33
01/19/2012 04 09 21 25 36
01/18/2012 24 27 29 31 35
01/17/2012 09 19 22 23 33
01/16/2012 07 10 14 15 22
01/15/2012 01 11 23 24 25
01/14/2012 01 22 29 31 34
01/13/2012 07 12 19 21 36
01/12/2012 04 10 23 27 35
01/11/2012 02 03 12 30 35
01/10/2012 06 10 19 26 30
01/09/2012 08 10 18 24 33
01/08/2012 02 04 05 22 29
01/07/2012 09 11 16 17 30
01/06/2012 02 04 11 25 35
01/05/2012 04 08 10 23 30
01/04/2012 12 22 32 35 39
01/03/2012 02 06 12 33 39
01/02/2012 05 08 13 27 33
01/01/2012 01 03 05 12 17
12/31/2011 12 15 16 24 30
12/30/2011 18 19 21 34 35
12/29/2011 02 03 04 07 25
12/28/2011 01 16 17 21 32
12/27/2011 05 08 09 26 31
12/26/2011 07 18 29 33 38
12/25/2011 05 23 29 34 37
12/24/2011 04 14 21 33 34
12/23/2011 02 12 24 27 33
12/22/2011 07 12 15 25 35
12/21/2011 09 14 27 32 34
12/20/2011 01 03 07 09 35
12/19/2011 05 07 15 20 33
12/18/2011 07 11 22 24 36
12/17/2011 06 10 21 27 31
12/16/2011 07 12 19 27 31
12/15/2011 08 10 16 19 30
12/14/2011 02 08 14 18 28
12/13/2011 04 11 20 27 34
12/12/2011 02 18 22 30 34
12/11/2011 09 15 16 19 22
12/10/2011 07 11 13 25 30
12/09/2011 01 05 18 26 34
12/08/2011 14 16 19 23 37
12/07/2011 09 11 16 17 34
12/06/2011 12 15 16 21 39
12/05/2011 17 20 23 35 37
12/04/2011 10 14 20 30 34
12/03/2011 10 18 33 38 39
12/02/2011 03 04 05 12 36
12/01/2011 01 04 14 29 32
11/30/2011 01 20 33 34 35
11/29/2011 12 16 18 20 23
11/28/2011 06 12 26 30 31
11/27/2011 02 15 28 29 33
11/26/2011 11 19 23 26 31
11/25/2011 08 09 20 22 34
11/24/2011 01 03 09 18 29
11/23/2011 19 25 27 35 36
11/22/2011 07 13 18 29 38
11/21/2011 16 19 20 22 31
11/20/2011 12 16 29 33 35
11/19/2011 01 09 14 27 28
11/18/2011 02 14 27 34 39
11/17/2011 19 23 24 26 35
11/16/2011 01 07 10 29 36
11/15/2011 02 21 31 33 37
11/14/2011 01 06 09 10 28
11/13/2011 03 15 17 34 37
11/12/2011 14 17 19 29 39
11/11/2011 14 18 19 25 37
11/10/2011 14 18 22 24 36
11/09/2011 06 09 18 20 25
11/08/2011 07 14 37 38 39
11/07/2011 11 13 34 36 37
11/06/2011 04 18 21 32 39
11/05/2011 02 07 15 25 27
11/04/2011 01 06 22 34 39
11/03/2011 01 14 28 29 30
11/02/2011 06 10 15 18 21
11/01/2011 03 09 16 20 39
10/31/2011 05 12 13 20 37
10/30/2011 14 19 22 25 27
10/29/2011 02 09 21 29 33
10/28/2011 01 20 25 27 30
10/27/2011 01 03 09 20 36
10/26/2011 05 10 16 21 24
10/25/2011 10 26 27 28 38
10/24/2011 08 09 12 21 37
10/23/2011 13 16 34 35 38
10/22/2011 06 11 17 22 32
10/21/2011 05 09 10 23 34
10/20/2011 07 25 30 33 34
10/19/2011 08 12 31 32 33
10/18/2011 06 16 25 34 37
10/17/2011 02 18 19 32 36
10/16/2011 12 21 28 30 36
10/15/2011 06 07 30 32 39
10/14/2011 08 16 18 22 38
10/13/2011 10 21 25 28 34
10/12/2011 01 23 35 38 39
10/11/2011 13 15 16 31 39
10/10/2011 15 31 36 38 39
10/09/2011 14 18 19 30 34
10/08/2011 12 15 23 32 33
10/07/2011 03 08 15 27 29
10/06/2011 04 07 08 21 24
10/05/2011 07 09 11 22 38
10/04/2011 02 05 24 30 36
10/03/2011 01 11 18 31 39
10/02/2011 09 31 33 34 39
10/01/2011 02 03 21 23 27
09/30/2011 03 04 17 21 30
09/29/2011 02 09 16 17 29
09/28/2011 01 18 30 31 32
09/27/2011 02 06 15 16 27
09/26/2011 10 14 17 30 38
09/25/2011 05 09 24 25 36
09/24/2011 07 18 26 30 32
09/23/2011 02 03 05 15 35
09/22/2011 04 08 12 21 39
09/21/2011 03 04 13 29 36
09/20/2011 05 06 10 37 39
09/19/2011 03 07 27 29 36
09/18/2011 06 17 23 25 26
09/17/2011 15 16 17 18 28
09/16/2011 05 12 17 23 37
09/15/2011 01 02 10 27 30
09/14/2011 05 15 17 19 20
09/13/2011 08 28 30 32 36
09/12/2011 14 15 16 32 37
09/11/2011 02 03 15 25 33
09/10/2011 09 15 23 24 26
09/09/2011 08 17 19 22 37
09/08/2011 02 11 12 20 25
09/07/2011 04 06 10 11 32
09/06/2011 07 10 14 21 32
09/05/2011 14 21 22 23 33
09/04/2011 05 15 22 34 35
09/03/2011 05 07 08 32 34
09/02/2011 10 12 27 37 39
09/01/2011 02 05 11 12 36
08/31/2011 13 15 23 26 31
08/30/2011 06 14 18 35 36
08/29/2011 09 12 13 28 37
08/28/2011 02 06 29 35 36
08/27/2011 04 10 16 17 31
08/26/2011 22 28 34 37 39
08/25/2011 15 17 29 34 39
08/24/2011 06 07 10 22 27
08/23/2011 06 07 25 27 33
08/22/2011 03 04 12 29 36
08/21/2011 04 12 13 17 18
08/20/2011 04 07 11 14 31
08/19/2011 16 30 33 36 38
08/18/2011 03 04 07 17 21
08/17/2011 06 11 15 25 39
08/16/2011 02 17 21 25 39
08/15/2011 01 06 10 22 27
08/14/2011 02 12 14 21 23
08/13/2011 12 15 24 25 33
08/12/2011 09 14 15 24 39
08/11/2011 01 18 20 27 35
08/10/2011 01 04 10 19 27
08/09/2011 27 32 35 37 39
08/08/2011 07 14 18 19 35
08/07/2011 10 13 22 24 32
08/06/2011 22 27 30 31 34
08/05/2011 02 10 12 20 28
08/04/2011 09 11 13 17 21
08/03/2011 01 06 07 24 32
08/02/2011 02 05 14 27 33
08/01/2011 04 28 31 32 38
07/31/2011 19 25 27 31 33
07/30/2011 05 06 17 24 31
07/29/2011 06 14 18 28 38
07/28/2011 02 03 14 22 31
07/27/2011 02 05 07 20 29
07/26/2011 01 04 12 34 36
07/25/2011 06 11 15 16 33
07/24/2011 14 16 26 27 34
07/23/2011 01 10 12 27 38
07/22/2011 05 07 15 19 27
07/21/2011 04 19 21 22 28
07/20/2011 09 17 23 30 35
07/19/2011 19 21 23 24 27
07/18/2011 04 09 13 20 37
07/17/2011 17 20 23 34 36
07/16/2011 07 25 30 33 35
07/15/2011 04 09 23 30 31
07/14/2011 02 11 22 26 37
07/13/2011 03 10 18 19 20
07/12/2011 25 28 29 30 36
07/11/2011 01 02 12 34 39
07/10/2011 04 08 12 14 22
07/09/2011 04 10 16 25 32
07/08/2011 15 16 23 26 30
07/07/2011 15 17 19 21 22
07/06/2011 04 09 28 33 35
07/05/2011 19 22 27 32 33
07/04/2011 11 18 20 21 27
07/03/2011 19 24 31 37 39
07/02/2011 01 09 11 21 32
07/01/2011 21 24 32 34 37
06/30/2011 12 13 15 19 24
06/29/2011 08 23 26 32 33
06/28/2011 08 14 28 31 37
06/27/2011 04 13 20 35 38
06/26/2011 09 17 23 26 30
06/25/2011 03 09 12 13 16
06/24/2011 01 21 23 25 35
06/23/2011 01 04 05 15 27
06/22/2011 01 22 27 33 38
06/21/2011 22 25 27 36 37
06/20/2011 01 16 17 26 37
06/19/2011 07 10 16 17 28
06/18/2011 02 06 14 15 39
06/17/2011 05 07 10 13 18
06/16/2011 12 19 26 33 36
06/15/2011 10 23 25 30 39
06/14/2011 07 08 12 20 21
06/13/2011 11 13 14 28 33
06/12/2011 01 14 22 29 34
06/11/2011 11 20 22 27 34
06/10/2011 04 16 35 36 38
06/09/2011 26 27 33 37 38
06/08/2011 02 04 22 31 35
06/07/2011 09 10 25 29 35
06/06/2011 07 17 21 25 38
06/05/2011 21 26 28 30 33
06/04/2011 05 06 07 13 38
06/03/2011 06 19 25 27 32
06/02/2011 10 11 20 21 37
06/01/2011 10 19 30 32 35
05/31/2011 01 04 16 23 33
05/30/2011 25 30 31 34 39
05/29/2011 07 25 30 33 39
05/28/2011 08 16 22 26 27
05/27/2011 05 07 14 18 22
05/26/2011 06 12 19 33 38
05/25/2011 03 17 18 29 33
05/24/2011 01 09 14 16 31
05/23/2011 19 23 25 32 34
05/22/2011 08 10 22 29 31
05/21/2011 09 22 26 28 30
05/20/2011 01 08 10 32 37
05/19/2011 04 06 09 28 29
05/18/2011 10 15 29 33 35
05/17/2011 03 09 23 26 35
05/16/2011 14 17 20 27 32
05/15/2011 01 08 16 29 36
05/14/2011 01 12 20 22 38
05/13/2011 02 14 29 31 32
05/12/2011 04 09 10 18 38
05/11/2011 04 08 12 25 31
05/10/2011 05 20 29 34 35
05/09/2011 09 10 19 24 26
05/08/2011 09 11 21 23 29
05/07/2011 01 10 23 26 37
05/06/2011 03 12 16 32 37
05/05/2011 02 07 12 15 33
05/04/2011 10 16 28 29 36
05/03/2011 08 17 19 30 37
05/02/2011 04 07 09 10 21
05/01/2011 02 05 16 23 25
04/30/2011 16 30 31 32 35
04/29/2011 03 06 28 29 33
04/28/2011 03 04 10 15 24
04/27/2011 01 03 21 28 38
04/26/2011 09 10 22 28 33
04/25/2011 05 16 18 32 33
04/24/2011 05 14 15 20 21
04/23/2011 01 07 20 30 38
04/22/2011 08 13 20 28 36
04/21/2011 09 15 16 18 30
04/20/2011 02 05 17 32 35
04/19/2011 05 11 15 16 29
04/18/2011 05 08 22 23 34
04/17/2011 05 19 26 28 33
04/16/2011 08 12 27 30 36
04/15/2011 06 07 21 33 38
04/14/2011 22 23 30 31 34
04/13/2011 02 13 27 31 33
04/12/2011 13 16 18 20 33
04/11/2011 03 05 08 15 23
04/10/2011 04 13 22 37 38
04/09/2011 08 09 10 15 21
04/08/2011 07 11 13 14 35
04/07/2011 01 20 21 23 30
04/06/2011 02 06 10 14 30
04/05/2011 01 08 21 22 35
04/04/2011 02 13 23 28 29
04/03/2011 02 12 13 27 35
04/02/2011 03 08 16 17 28
04/01/2011 14 16 25 29 35
03/31/2011 15 23 32 33 36
03/30/2011 09 10 23 26 30
03/29/2011 05 10 21 30 34
03/28/2011 10 24 26 32 39
03/27/2011 05 11 16 26 30
03/26/2011 06 12 15 17 27
03/25/2011 05 16 17 33 36
03/24/2011 05 16 18 28 29
03/23/2011 06 27 28 31 37
03/22/2011 01 03 29 30 35
03/21/2011 9 24 25 26 28
03/20/2011 05 08 15 31 36
03/19/2011 05 15 17 26 37
03/18/2011 02 08 12 20 24
03/17/2011 03 05 25 29 34
03/16/2011 09 14 15 18 21
03/15/2011 06 18 21 33 38
03/14/2011 03 07 10 20 31
03/13/2011 02 11 24 32 36
03/12/2011 11 14 17 23 34
03/11/2011 03 05 28 33 34
03/10/2011 03 15 16 23 30
03/09/2011 07 09 17 18 39
03/08/2011 05 22 31 38 39
03/07/2011 3 6 10 30 37
03/06/2011 02 14 22 27 32
03/05/2011 03 04 18 21 35
03/04/2011 03 12 13 21 23
03/03/2011 07 16 23 25 29
03/02/2011 03 12 23 30 34
03/01/2011 05 07 18 24 28
02/28/2011 06 18 19 24 35
02/27/2011 04 06 16 33 39
02/26/2011 02 13 19 32 36
02/25/2011 03 07 09 21 25
02/24/2011 09 12 22 30 37
02/23/2011 14 16 19 20 25
02/22/2011 03 08 12 21 39
02/21/2011 4 8 20 26 33
02/20/2011 09 11 24 37 39
02/19/2011 16 19 22 24 32
02/18/2011 04 06 16 17 35
02/17/2011 02 04 18 21 27
02/16/2011 19 24 30 35 36
02/15/2011 06 08 12 27 33
02/14/2011 14 15 18 23 29
02/13/2011 01 03 10 20 30
02/12/2011 05 13 17 35 39
02/11/2011 05 06 08 20 27
02/10/2011 03 06 09 28 31
02/09/2011 02 07 08 17 29
02/08/2011 07 09 22 27 32
02/07/2011 8 15 17 25 37
02/06/2011 08 09 11 25 35
02/05/2011 4 11 26 28 39
02/04/2011 3 4 6 8 31
02/03/2011 07 13 14 21 32
02/02/2011 08 10 18 20 36
02/01/2011 10 12 13 22 29
01/31/2011 15 27 32 35 37
01/30/2011 01 02 30 36 38
01/29/2011 4 8 18 34 37
01/28/2011 02 10 18 21 39
01/27/2011 09 22 23 25 31
01/26/2011 03 04 12 27 32
01/25/2011 02 04 25 26 30
01/24/2011 03 06 12 15 28
01/23/2011 03 22 24 27 36
01/22/2011 3 4 17 28 37
01/21/2011 2 26 28 30 32
01/20/2011 01 02 16 26 34
01/19/2011 1 25 28 31 38
01/18/2011 06 13 16 19 39
01/17/2011 03 09 16 26 34
01/16/2011 01 07 11 24 28
01/15/2011 03 09 13 28 38
01/14/2011 02 13 32 34 39
01/13/2011 02 10 15 35 36
01/12/2011 2 6 12 23 31
01/11/2011 03 07 16 26 29
01/10/2011 6 22 30 33 34
01/09/2011 1 13 23 26 38
01/08/2011 8 10 16 22 25
01/07/2011 01 03 12 32 39
01/06/2011 20 21 28 32 34
01/05/2011 2 11 15 21 39
01/04/2011 04 05 12 26 36
01/03/2011 14 18 19 21 38
01/02/2011 04 05 07 14 32
01/01/2011 03 18 21 23 37
08/02/2012 6 9 22 23 39
08/03/2012 7 11 22 29 35
08/04/2012 3 16 28 32 36
08/05/2012 2 3 6 9 17
08/06/2012 4 6 20 32 38
08/07/2012 2 17 28 33 34
08/09/2012 7 9 11 12 22
08/14/2012 3 5 17 21 23
08/15/2012 5 10 11 20 37
08/17/2012 4 10 13 17 32
08/18/2012 4 24 26 27 39
08/19/2012 14 19 29 30 34
09/06/2012 2 21 23 37 38
09/07/2012 7 8 10 14 39
09/09/2012 3 7 13 23 32
09/10/2012 9 12 20 27 31
09/11/2012 1 10 23 24 39
09/12/2012 20 22 23 24 36
09/13/2012 1 9 14 21 26
09/14/2012 6 17 25 26 31
09/15/2012 5 6 20 27 37
09/16/2012 5 7 17 29 30
09/17/2012
